10
24.9959
10
24.9827
10
24.9557
10
24.9114
10
24.8487
10
24.7687
10
24.6735
10
24.5658
10
24.4483
10
24.3236
10
24.194
10
24.0614
10
23.9276
10
23.7938
10
23.6613
10
23.5311
10
23.4037
10
23.2798
10
23.1599
10
23.0443
10
22.9332
10
22.8268
10
22.7251
10
22.6281
10
22.5359
10
22.4484
10
22.3654
10
22.287
10
22.2129
10
22.1429
10
22.077
10
22.015
10
21.9567
10
21.9019
10
21.8505
10
21.8023
10
21.7571
10
21.7147
10
21.6751
10
21.638
10
21.6034
10
21.571
10
21.5407
10
21.5125
10
21.4861
10
21.4615
10
21.4386
10
21.4172
10
21.3972
10
21.3786
10
21.3613
