17	1.071429	150	150	150	150	150	150	150	150	150
16.64207	0.909216	273.1893471345639	134.64088133670933	126.91486795797037	124.20704664168706	122.86280210051792	122.16560380275685	121.77776151510407	121.5398917634899	121.39220037189817
17	0.714286	150	150	150	150	150	150	150	150	150
17	1.428571	150	150	150	150	150	150	150	150	150
16.69122	1.246885	273.2264821913968	147.05958048198136	138.59001313319212	135.54922401650208	134.03492731121474	133.24847294549082	132.8109486013088	132.5426618860593	132.3760909122411
17	0.357143	150	150	150	150	150	150	150	150	150
16.65814	0.47388600000000003	273.23990524494235	109.31519318237274	105.2065206639296	103.79842492635659	103.101442071428	102.74047084614101	102.53972964363307	102.41661145505277	102.34018081677668
17	0	84.99999999999999	84.99999999999999	84.99999999999999	84.99999999999999	84.99999999999999	84.99999999999999	84.99999999999999	84.99999999999999	84.99999999999999
16.70908	1.96957	273.23681491181964	159.15820392347206	149.32717466893493	145.53986789522747	143.63197785593107	142.63615426201036	142.0817488873036	141.74182564121102	141.53067755931275
17	1.785714	150	150	150	150	150	150	150	150	150
17	2.1428570000000002	150	150	150	150	150	150	150	150	150
16.57897	1.611369	273.1551197382882	156.45063325591988	143.2068037333571	138.27048749765387	135.79669731535554	134.5077770937702	133.7899617506378	133.34960221557182	133.075977423724
17	2.5	150	150	150	150	150	150	150	150	150
16.67994	2.302713	273.1929102908093	163.2599745885344	152.40866897575117	148.07111591226342	145.86991750971333	144.71746573563829	144.07553131963766	143.68190312544482	143.43728691179254
17	2.857143	150	150	150	150	150	150	150	150	150
16.6837	2.678571	273.20312120865447	165.2284701164867	155.0061930040309	150.7563919629555	148.5802997425974	147.4371069263535	146.80012563181938	146.4095487870128	146.16674269872624
16	0	20	20	20	20	20	20	20	20	20
17	3.2142859999999995	150	150	150	150	150	150	150	150	150
16.66885	3.035714	273.1961794502832	166.95634405666695	157.2333871279095	153.05088572382923	150.88932206660886	149.74989933657886	149.11480940661264	148.72537557959046	148.48317601091432
17	3.571429	150	150	150	150	150	150	150	150	150
16.67129	3.392857	273.19567190310937	167.17823472648035	158.8435082288328	155.156156068938	153.23294819552754	152.21598180672189	151.64904678908889	151.3014088344795	151.08512762146208
15.616059999999997	0.523603	273.2219964226196	82.0863905229852	66.16147945924432	60.296723831055694	57.3267857372834	55.75986473841216	54.876374369118636	54.329055412167165	53.98533663029857
15	0	20	20	20	20	20	20	20	20	20
17	3.9285710000000003	150	150	150	150	150	150	150	150	150
16.6907	3.75	273.2078064286905	166.31390235009943	159.95810173484855	157.08669523027166	155.57645057240313	154.77570103312533	154.3292866379588	154.05556723713042	153.8852314211329
17	4.2857140000000005	150	150	150	150	150	150	150	150	150
16.60368	4.141509	273.1718033510535	171.68812055240332	165.9472920936134	163.30326113335857	161.90048412861123	161.15437995027216	160.7381955493162	160.48291645212728	160.32394218790773
14.413010000000002	0.7714090000000001	273.1740972268629	113.84355639371007	83.13033662496001	69.83412492756281	62.694523804875665	58.744706067734775	56.43642717002292	54.96761022742471	54.01685449641679
14.000000000000002	0	20	20	20	20	20	20	20	20	20
17	4.642857	150	150	150	150	150	150	150	150	150
16.65744	4.529237	273.2100944257379	172.77840119479265	169.99523228399835	168.70353082189652	168.0148417433634	167.6480744110215	167.44354275205674	167.31811528616365	167.24001131029286
17	5	174.99999999999997	174.99999999999997	174.99999999999997	174.99999999999997	174.99999999999997	174.99999999999997	174.99999999999997	174.99999999999997	174.99999999999997
13.50644	0.756928	273.1716573801314	114.58250401695655	83.7738563467016	68.99083121338225	60.591318212596526	55.71445302066383	52.75155853884028	50.80843114012253	49.5088145616528
13	0	20	20	20	20	20	20	20	20	20
16	5	200.00000000000003	200.00000000000003	200.00000000000003	200.00000000000003	200.00000000000003	200.00000000000003	200.00000000000003	200.00000000000003	200.00000000000003
12.50603	0.8042320000000001	273.1670991245876	120.7645998412436	89.18779898227682	72.98105572417715	63.175192446060485	57.13355670026885	53.26922069427517	50.62851943291299	48.78537161535252
12	0	20	20	20	20	20	20	20	20	20
15.50626	4.194145	273.1537287263978	209.20993021029747	192.26354186748202	183.58193696972415	178.82838261580488	176.23850072678945	174.7672223138305	173.8521179874394	173.27299659691758
15	5	200.00000000000003	200.00000000000003	200.00000000000003	200.00000000000003	200.00000000000003	200.00000000000003	200.00000000000003	200.00000000000003	200.00000000000003
11.47682	0.742085	273.17163838363973	113.75273926008781	85.11771089903071	70.25733551804912	60.803801124837726	54.63139712737803	50.455307285363354	47.466681732322975	45.283732150412796
11	0	20	20	20	20	20	20	20	20	20
14.52931	4.195381	273.15483832611403	222.19054360883388	201.4353702457042	188.9294633252933	181.69818643244756	177.58354305052387	175.16373494549921	173.61720880860625	172.60809494804903
14.000000000000002	5	200.00000000000003	200.00000000000003	200.00000000000003	200.00000000000003	200.00000000000003	200.00000000000003	200.00000000000003	200.00000000000003	200.00000000000003
10.4645	0.779793	273.1682154268961	118.2895664861793	89.19522494720765	74.15858036060534	64.25423154804258	57.45414468057486	52.59898965542606	48.96362369066534	46.193474044167836
10	0	20	20	20	20	20	20	20	20	20
13	5	200.00000000000003	200.00000000000003	200.00000000000003	200.00000000000003	200.00000000000003	200.00000000000003	200.00000000000003	200.00000000000003	200.00000000000003
13.424540000000002	4.154815	273.1534830077416	226.7896558488426	204.86286572283896	189.16571666529578	179.29794103803985	173.26338523144062	169.48846469903097	166.95219831601267	165.20591803369712
9.446193999999998	0.765071	273.1698470005703	116.65750437328165	88.7251055649932	74.6054350262607	65.11228221575219	58.32345823965412	53.23912665509861	49.27466592336486	46.142342563179305
9	0	20	20	20	20	20	20	20	20	20
12.48475	4.449781	273.1702067316872	210.95613022899616	194.9733328438605	182.62447078546444	174.1362338284707	168.47454412698886	164.63753137419934	161.88290236731046	159.85498703045488
12	5	110	110	110	110	110	110	110	110	110
8.471856	0.799822	273.16715311184583	120.73268353427191	92.25056250965962	78.16158467407176	68.581540783033	61.51833335306248	56.02956275100767	51.615534691833794	48.033756164231704
8	0	20	20	20	20	20	20	20	20	20
12	6	20	20	20	20	20	20	20	20	20
11.16884	5.39143	273.16192961158646	158.0701731781795	134.5042615545266	119.93908318745467	108.80992566092745	100.12545787108432	93.20288609004886	87.51630378375535	82.77902713964043
12	11	20	20	20	20	20	20	20	20	20
11.15689	10.55875	273.16640048056064	125.68736315664317	96.54193927297463	83.22840474608539	74.99189340376836	69.29067324234093	64.85582368359087	61.074182214640864	57.72759626024253
12	10	20	20	20	20	20	20	20	20	20
11.15194	11.50526	273.1628052027641	126.30486463595354	96.95770550841452	83.50094591811374	75.15345639969713	69.38630589753127	64.93043375110916	61.1585941680538	57.838700807856135
12	12	20	20	20	20	20	20	20	20	20
12	13	20	20	20	20	20	20	20	20	20
11.26794	12.26794	273.18298719626154	112.8685550111496	86.83056893812095	75.02117554872493	67.71557624474812	62.684775659368526	58.81580706422976	55.55604359482235	52.697582293518415
11	13	273.14933124618517	143.0385111558416	109.87316534577911	94.35050964485463	84.6359216757549	77.88831470186663	72.67194604344364	68.26625003343634	64.39750385819097
7.509974	0.791651	273.1686863565197	119.78103604461488	91.79734323867719	78.2229870830099	68.95503689469444	61.999288145378664	56.47371853870502	51.94685425756675	48.213734719472846
7.000000000000001	0	20	20	20	20	20	20	20	20	20
12	7.000000000000001	20	20	20	20	20	20	20	20	20
11.13397	6.5	273.16434613987957	134.10326026672763	108.42776720706657	95.91593425305378	87.08798923343657	80.22451850155564	74.55471222777031	69.69489310340659	65.47781471505904
11.16543	7.462071000000001	273.16585976652044	125.68800950948106	98.63025192095472	86.44172897714816	78.47466342202905	72.52864211632037	67.63263676610062	63.37151134666441	59.6013384963588
12	8	20	20	20	20	20	20	20	20	20
11.20006	8.465465	273.17031679119117	120.84992794171337	93.4990757722252	81.32100577509335	73.70063881871971	68.24661024236069	63.847319520727524	60.01983232633018	56.60766059182179
12	9	20	20	20	20	20	20	20	20	20
11.06491	9.503241	273.160474077739	136.00679013501522	104.59675683533894	90.22821142117793	81.30698789667612	75.05314500547628	70.10511892016082	65.8338365004957	62.027971479023286
10.50744	12.1713	273.1552484520039	189.92720179090475	148.86504310024534	127.96610671424604	114.49697762637261	104.9281691200021	97.41028187364032	90.99531857601737	85.32191876893684
10	13	273.150539232913	225.26311273326846	183.2692588757769	159.1351552751522	142.856978106224	130.90020807499434	121.30422488798568	113.02287899179676	105.6469363346814
0	0.333333	20	20	20	20	20	20	20	20	20
0.319634	0.444444	273.312889216919	29.42488448965364	24.746979764884262	23.201383642042813	22.393371274915385	21.918823575134983	21.601952897565557	21.366383757875255	21.184654406283865
0	0.666667	20	20	20	20	20	20	20	20	20
0	0	20	20	20	20	20	20	20	20	20
0.261505	0.810031	273.337318626875	33.68786358479334	26.985881376220494	24.730451963907868	23.54487150517858	22.84571218656285	22.37770820907862	22.029310898131836	21.76022300776186
0	1	20	20	20	20	20	20	20	20	20
1	0	20	20	20	20	20	20	20	20	20
6.504196999999999	0.851702	273.16534819083455	126.66604359839077	96.98326496787949	82.44926230521808	72.4924464498546	65.00374414881288	59.037189999659326	54.12673781570975	50.05500669386844
6	0	20	20	20	20	20	20	20	20	20
9	13	273.15021899663407	261.0128193458881	231.72542349649663	208.0878830498411	189.80217254787544	175.00501669321372	162.3774519185327	151.11177721331413	140.86828776110522
9.503017	12.12874	273.1507016374658	247.73149879427442	210.55576988878548	185.65936021546722	167.84652897428245	154.18825336000114	142.90712188459284	133.00706807634057	124.09257385859748
5	0	20	20	20	20	20	20	20	20	20
5.5	0.8660250000000002	273.1646866973961	128.2507106535279	97.64835036950814	82.2110792681933	71.74205221888816	64.04696916019581	58.03893260904044	53.147044008149805	49.11424375490636
0.29253	1.159436	273.2572205721895	40.956500013406924	30.935543159442485	27.45656608959656	25.61034649157465	24.51380954828333	23.776624444323712	23.22651176051892	22.800743742590246
0	1.333333	20	20	20	20	20	20	20	20	20
1.2863189999999998	0.535738	273.2292669523665	61.216566545816725	41.85907875287585	34.98030334095814	31.303139347460707	29.106176524393852	27.622971145867318	26.51331795617515	25.652892902751233
2	0	20	20	20	20	20	20	20	20	20
8	13	273.1500491027763	270.9836965482696	257.2623104401047	239.79618094241482	223.07112528817638	207.57339138990474	193.2762246961985	180.02211180626762	167.69981415504316
8.45795	12.0966	273.1500815855048	268.16236469830636	247.9558985430188	227.33999066562458	209.62284195076012	194.25044673121278	180.56589280939565	168.08349303899334	156.58078927488273
4.522774	0.860695	273.16322465329716	127.38044922480402	95.26997073325167	78.72640128077491	67.9070044554946	60.29848059005646	54.56278957116536	49.985693566699254	46.26193014890494
4	0	20	20	20	20	20	20	20	20	20
3.549167	0.7203569999999999	273.17893776377974	109.70429702092117	79.21539856481469	64.36085650929114	55.26092706867768	49.2202721140951	44.84959109720956	41.44431019285611	38.72058402783187
3	0	20	20	20	20	20	20	20	20	20
0	1.666667	20	20	20	20	20	20	20	20	20
0.36935	1.556003	273.16977359908407	53.14571918869821	37.88384522374712	32.32716493535583	29.333523171745018	27.53542162325727	26.31830680304325	25.406543723581304	24.698533929619376
2.559128	0.886044	273.1678669960489	120.38657683637771	81.1107317120484	63.9693870446415	54.117249850368594	47.89971558149784	43.55216552864742	40.232514332049966	37.61677817993279
0.239431	1.8510700000000002	273.4069285921564	44.24251532700341	33.40713026519863	29.320281882577763	27.091974936018197	25.741683832349786	24.82278355079736	24.132309055132733	23.594713714852844
0	2	20	20	20	20	20	20	20	20	20
7.504975	12.45132	273.15000896169795	272.3210246890155	263.8213837078037	249.7527820680065	234.36309532486902	219.00300619943883	204.26975859087975	190.36361467051145	177.3057351015011
7.000000000000001	13	273.1500040517581	272.8498430091023	267.77888520037584	256.5737214062454	242.44680320872237	227.33017578251074	212.33904984059868	197.98870018994208	184.41436765485955
0	2.333333	20	20	20	20	20	20	20	20	20
0.288675	2.1666669999999995	273.25419704889964	51.8541167852188	38.19725843056329	32.79790836954569	29.80443603950413	27.968061812917714	26.708951158493573	25.758703074224133	25.016079983190426
6	13	273.1500004054832	273.08278759082765	270.40452803481764	261.6777176421626	248.7363097195018	233.89810948710996	218.71782471513617	203.99881178928152	189.98507873106544
6.606292	12.14554	273.1500019262057	273.0126581644062	269.49042883107353	259.83627252714626	246.44884468748953	231.50517421147475	216.38697295952218	201.7856408006131	187.90733635133208
0	2.666667	20	20	20	20	20	20	20	20	20
0.296878	2.5021840000000006	273.26558221097054	54.91296509374815	40.64543742154577	34.714581303279836	31.361753891810405	29.275264740478892	27.83196826557103	26.737012040194262	25.877457041756575
5	13	273.1499999773846	272.84643577043846	267.7731469646224	256.56583155643847	242.41167315675645	227.23969136151064	212.17349935208915	197.74416451601215	184.09777075164394
5.425246	12.09176	273.1500000199641	273.0197110057529	269.58216148450055	260.01724106768444	246.65259827203252	231.6782967401023	216.4994602803665	201.82931152056287	187.8850936598494
0.288675	2.833333	273.3043991467077	55.404661250932556	41.637287147913526	35.63838196712252	32.17623843881477	29.988553055951737	28.46070313564474	27.29488636733893	26.37516183577826
0	3	20	20	20	20	20	20	20	20	20
0	12.666660000000002	20	20	20	20	20	20	20	20	20
0	12.33333	20	20	20	20	20	20	20	20	20
0.313349	12.542510000000002	273.30463403622065	60.989939062474214	49.04163337812928	43.787220322786766	40.56040304709803	38.34422025407559	36.640236093562244	35.20593248916251	33.951377305869066
0	13	20	20	20	20	20	20	20	20	20
1	13	273.1021216802079	143.22640686928378	109.93088379660853	94.36701134144276	84.604134753204	77.79034563316569	72.494585572271	68.00893626883628	64.0686394859181
4	13	273.1499983198549	270.95699705326086	257.25369527514397	239.7829436932917	223.0072128590148	207.4113393243864	192.98340243700054	179.59257043691454	167.14587010296498
4.385821	12.18756	273.14999714415785	272.10643923616027	262.62772542933106	247.83624290711722	232.0978918245531	216.59551535952937	201.80972317192126	187.88963879891162	174.8464220729297
0	3.333333	20	20	20	20	20	20	20	20	20
0.370843	3.2509130000000006	273.1742141912184	66.77850319979581	49.756108726987115	41.91662206854064	37.26203084177184	34.25768903585361	32.130688949205116	30.49396525489621	29.19341647197262
0	12	20	20	20	20	20	20	20	20	20
0.288675	12.16666	273.2431041051437	57.787708091682056	46.76444738661046	41.9195622263232	38.94456833449851	36.90097820690432	35.32899375705869	34.00521722109563	32.84702683003971
0.234889	11.8	273.38865618371386	50.80639522964859	41.799091710222264	37.847413925934305	35.421992367013004	33.755790161596806	32.473394034750676	31.39286924448391	30.44720565804308
0	11.66666	20	20	20	20	20	20	20	20	20
1.311317	12.47036	273.1493219245127	174.17023002197007	135.1269269926883	115.92680850153963	103.6657826848397	94.99127440485212	88.18613947395151	82.38996907316275	77.27953595591073
2	13	273.14855240185824	225.32163971890185	183.3037203652224	159.13391133033852	142.7877329048487	130.7237997421134	120.99372019535497	112.57534739037524	105.07597609009889
3	13	273.1498940935838	260.9725683818832	231.7267363757951	208.0751688037736	189.72410949958245	174.80970577917273	162.02980824293223	150.60635303449607	140.21985791530003
3.314238	12.11378	273.14998339940706	265.82473763182173	241.9082588586221	219.8429055135832	201.69373260812216	186.35433175991187	172.89351384233416	160.7104965801789	149.54994586933552
0.254389	3.5358050000000003	273.37365139276176	52.66125334568844	41.200455334971046	35.79923629817178	32.53671508249846	30.40243193593626	28.877789574840186	27.69782067719935	26.755561261623875
0	3.666667	20	20	20	20	20	20	20	20	20
0	11.33333	20	20	20	20	20	20	20	20	20
0.304894	11.50086	273.2273311515591	59.87171166521176	48.25533225884331	43.143778343503925	40.00250635325572	37.84139940061502	36.17556321480412	34.770385762074845	33.53978193703512
2.447044	12.21962	273.15001953538507	245.97237358536248	208.12032730647766	183.15747351760635	165.35442940988784	151.7001958480504	140.40762319875623	130.49890524347987	121.59226939804235
0.287866	3.8286830000000003	273.26058566880766	57.2211929994666	44.66381505189236	38.61555891441606	34.89352964411898	32.421961300716504	30.6381166373901	29.248265833029688	28.132026683147952
0	4	20	20	20	20	20	20	20	20	20
0	11	20	20	20	20	20	20	20	20	20
0.343154	11.14822	273.19407454499174	64.79695594233682	51.77415942906594	46.032821286373	42.50083782800555	40.0671822220479	38.18787880178517	36.6005670656021	35.20951286392096
0.271907	10.82789	273.3290168758717	55.60544952595359	45.216388561276624	40.649422633207735	37.84126526868828	35.90542034287405	34.40889344390159	33.143873983865824	32.0349926163689
0	10.66666	20	20	20	20	20	20	20	20	20
0	4.333333	20	20	20	20	20	20	20	20	20
0.288675	4.166667	273.2763029838234	57.53242366057314	45.34280607513106	39.39201817682985	35.65919718436345	33.13937467552463	31.29889326394346	29.853374277531874	28.684407204999477
0	10.33333	20	20	20	20	20	20	20	20	20
0.288675	10.5	273.2704712580474	57.767255272342716	46.759713489923705	41.91568670327438	38.9338308087707	36.87428355888563	35.27870999298913	33.928209202448066	32.74386807321678
0	4.666667	20	20	20	20	20	20	20	20	20
0.306356	4.513556	273.25200254274927	59.927024446873	47.37153424818707	41.217984036131384	37.29292390573733	34.60099105775533	32.61048054358167	31.0336610119378	29.749053134578507
0	10	20	20	20	20	20	20	20	20	20
0.331674	10.13202	273.2335173074143	63.3126318312429	50.71758220198121	45.16312117869712	41.73742326611205	39.364490415910744	37.52083989842561	35.958006618747255	34.5869885666053
0.288675	4.833333	273.2787450446472	57.70405131517708	46.10280182806304	40.447234642218355	36.79826741128898	34.26344356697742	32.368604482798	30.85558092215341	29.614391361578374
0	5	20	20	20	20	20	20	20	20	20
0	9.666667	20	20	20	20	20	20	20	20	20
0.351113	9.768281000000002	273.1985850180269	65.81193604900828	52.504011598196136	46.627807435063964	42.996322269505725	40.472861198931916	38.506506538682395	36.83761975914745	35.37367536108547
0.283168	5.166667	273.28499163087594	57.021618599337266	45.82535680425542	40.423694456990496	36.91010420080511	34.44113379558922	32.57539464074613	31.073128524462515	29.83171128523819
0	5.333333	20	20	20	20	20	20	20	20	20
0.25579	9.476158	273.38517138213695	53.50255204690187	43.72448425725122	39.42155158158282	36.76103531590787	34.90898618325044	33.46342723470886	32.23620452616071	31.160456206967808
0	9.333333	20	20	20	20	20	20	20	20	20
0	5.666667	20	20	20	20	20	20	20	20	20
0.291036	5.519012	273.2741422563785	58.0538866498826	46.69898563555886	41.295160335793646	37.76483061333914	35.25987780632703	33.34676006577715	31.792897735986845	30.498872663823537
0	9	20	20	20	20	20	20	20	20	20
0.32375	9.150895	273.1946504309392	62.29029897019887	49.987030334120156	44.55431226851234	41.18341317928253	38.82675809372275	36.9816557919906	35.414156562417624	34.04113126453038
0	6	20	20	20	20	20	20	20	20	20
0.297174	5.855061	273.2663416808479	58.85572596330123	47.36215531165907	41.96853674898342	38.443905658618725	35.9263679588778	33.986367979931664	32.39809951975615	31.065837240649923
0.233153	8.832691	273.41743764526825	50.559796190545796	41.63149751220255	37.6983256060518	35.2530132005745	33.5382973501673	32.19336515684088	31.0512678224875	30.052509379159325
0	8.666667	20	20	20	20	20	20	20	20	20
0.284129	6.17378	273.2941991930624	57.171865189996375	46.22908794478456	41.162375844839495	37.860728027872106	35.49361465343282	33.656489632015074	32.14185317288038	30.862996720609402
0	6.333333	20	20	20	20	20	20	20	20	20
0	8.333333	20	20	20	20	20	20	20	20	20
0.325592	8.502603	273.1899982420221	62.523587020370584	50.152265624671934	44.67392895739943	41.24976771736897	38.83574254524515	36.937010504379295	35.32517047966207	33.91816854894847
0.2875150000000001	6.5	273.27718117966924	57.61024582195199	46.580994881771396	41.532975051885266	38.25912828738185	35.9078276209903	34.071997874296564	32.54835010316794	31.25362619388159
0	6.666667000000001	20	20	20	20	20	20	20	20	20
0.247943	8.164181	273.37785512447	52.4832692493229	42.995027775061985	38.79639649437405	36.16174434721745	34.29712467483195	32.82894157595305	31.584846579904145	30.502116695729985
0	8	20	20	20	20	20	20	20	20	20
0.286387	6.828158000000001	273.28855131921864	57.466457078534624	46.50434780097323	41.53691324742298	38.335342617296085	36.03670565013636	34.2339156625535	32.728820437528775	31.442216497909723
0	7.000000000000001	20	20	20	20	20	20	20	20	20
0	7.666667	20	20	20	20	20	20	20	20	20
0.328275	7.820093999999999	273.18344091145326	62.869381244899	50.39175292130523	44.83303933808675	41.319896893570196	38.81971146250819	36.848461774533	35.18160100336374	33.73581226677996
0	7.3333330000000005	20	20	20	20	20	20	20	20	20
0.302627	7.189198000000001	273.22860035686125	59.565913873344705	48.01723456083899	42.82571850660053	39.50399979881684	37.12402927109806	35.25119777912868	33.678847554764864	32.32670397237797
0.21707	7.500484	273.47031386303024	48.46469107700897	40.133251323639136	36.42065705859835	34.06306772445119	32.38046941878265	31.0551838333247	29.9385054425887	28.974069143727444
16.14641	0.674433	273.1620035701335	101.79202941020402	88.20920838842959	83.39799638279771	80.99573561192233	79.74317609008837	79.04330219922292	78.6126207962654	78.34420623977267
16.29526	1.178897	273.1644791974009	141.9066288557233	123.89603198453686	117.35528476556705	114.08370314988919	112.3780624065488	111.42624852503502	110.84126622957716	110.47712149848917
15.78151	1.061764	273.1631932917746	134.19167805964048	107.4890788601554	97.48898311474495	92.43007907991104	89.76709085745858	88.26979612196193	87.34439866438674	86.76466468816318
16.36196	2.030563	273.1643918885283	171.23727787705013	150.16925170844138	141.87630138119133	137.6752413064777	135.47372892417908	134.24480347269855	133.48987328714028	133.01987290508552
16.05833	1.592074	273.1515720697817	164.70041647497052	136.90614732220703	126.24115662267074	120.84804206219515	118.01726059922468	116.43192993044771	115.45537311924117	114.8456955218179
16.31933	2.481841	273.15970322154976	180.06879430044887	158.0672945833214	148.94494418375746	144.27290512450497	141.813157888171	140.43874262380038	139.59412757940882	139.06782497509937
16.39783	2.841499	273.161828740377	179.49384072263703	161.18012964346198	153.34235742765534	149.29758904645092	147.16331408114377	145.97136847396465	145.23932902777523	144.78332015912767
15.15238	0.88182	273.14644044284347	121.49204555596579	91.14886559814352	79.12231106714181	72.90189670407095	69.56599702236927	67.66301519825323	66.47408288237466	65.7200742581387
15.44393	1.549891	273.1507680398517	173.30913052959036	133.07880964012824	116.72234762303297	108.29114325733	103.79582550549698	101.24805042702157	99.6646406604749	98.66601522834843
15.80977	2.1942190000000004	273.1514736185813	193.1876857093277	156.93779065087776	141.73111118514623	133.89478979155362	129.73760788619094	127.39757641470918	125.95138128687903	125.04456951855514
16.00044	2.82784	273.1523207723517	196.77892824366663	167.9271560943121	155.2075381650283	148.5869354621914	145.06933409059636	143.09445003348944	141.8767757755289	141.11479642735864
16.31682	3.1835269999999998	273.15834639733333	184.40884612565057	166.0087158978586	157.84757380095076	153.5918972876248	151.3365884639828	150.07561367245475	149.300644767256	148.81733370363352
16.36844	3.571429	273.16002414741945	182.14804754032576	167.98572859112042	161.54998085743924	158.16409695867372	156.36511443208488	155.35964007234878	154.7419350239189	154.3567289730674
14.72143	1.4757090000000002	273.15273083116944	178.12017204353694	130.86370730248973	109.88846988413279	98.71142974979823	92.5871309377825	89.04200199610035	86.80324635618337	85.36567299966146
15.03979	2.128311	273.1502381095924	210.5297280059843	161.059934451289	138.34373243173738	126.27629080215588	119.71350362452999	115.94769724167124	113.58629143130655	112.0810095712941
15.382409999999998	2.785215	273.150572763149	217.91465701943164	176.66465730359957	157.1743178286437	146.81205339330486	141.21089489418463	138.02399284453546	136.03906678648278	134.7825538521433
15.81172	3.4161779999999995	273.15180712681644	205.646471322806	179.13254504729022	166.5893611901424	159.91972697947736	156.34026466948396	154.3225228823264	153.07489004876564	152.29113070456927
16.16063	3.929903	273.1596265222079	191.04755468717875	176.85673130747975	170.18181816792458	166.62571658014477	164.72468585376689	163.65919436400534	163.00326993572187	162.59313253224812
16.16257	4.435543	273.1767146416963	192.58446253391227	184.86680161158174	181.18427377538924	179.20673748439776	178.14715575410236	177.55337039394823	177.18788607242396	176.959328300663
13.92146	1.416552	273.1548960895562	179.25749335851773	130.64897550925852	106.79458155946067	93.46503385766108	85.86502046636444	81.32446506889293	78.3861712656398	76.44808211836062
14.26333	2.101179	273.1508845533372	220.21590791808424	166.04013513375642	138.21351762191287	122.76200076038013	114.04936587657198	108.90596073950933	105.60926132834676	103.45593676660825
14.639580000000002	2.764893	273.1504400327497	233.79338202355584	185.288501817156	159.65092800771856	145.48400763704464	137.58515542889265	132.9807908032263	130.05900492003173	128.17018312156426
15.01763	3.4563360000000003	273.1516408978235	227.78929781572296	192.56819079429025	173.84458080442076	163.51804217351767	157.81704182246946	154.53309984092178	152.46850612578876	151.14668416611573
13.00467	1.388854	273.1545557299609	179.19268982882866	131.94473216570296	106.70453773704627	91.72795127906137	82.71943437298212	77.0902892273292	73.31567656597383	70.73049461371964
13.38744	2.086839	273.15089697494017	224.28883459273177	170.39650903931135	139.52537692882814	121.33670898017748	110.54829395494126	103.90893398028392	99.51126746435693	96.53561296045707
13.791590000000001	2.8049610000000005	273.15039501770383	242.31906992773762	193.22762944145708	163.4935985849138	146.07339352351312	135.88548311653742	129.71386056271888	125.67680955840616	122.97884702464206
14.124900000000002	3.4633740000000004	273.15151581224205	239.24689244187581	201.4384657993231	178.04846499100202	164.38560614692017	156.48402853116318	151.75905204082082	148.69951195157566	146.67555876819623
11.96563	1.418899	273.1545816370611	182.43105866999284	136.27099331192156	110.3765466039606	94.02133376663723	83.53936848429534	76.59982971411866	71.72340501282719	68.2224053191414
12.42559	2.085385	273.15090968247364	225.66840487267044	173.59518365785917	141.55325077007595	121.40895954164442	108.70474332802267	100.45200163882329	94.74250295786281	90.70309604506515
12.860679999999999	2.810031	273.15040416570224	244.77437834265152	197.13334289762145	165.14584024105667	145.06936137879052	132.58149331734379	124.60346646138076	119.15668503498769	115.3504017264603
13.320760000000002	3.384444	273.15059088016375	243.14487081249595	204.29637525130386	177.5763539211467	161.02735193917206	150.9484453711978	144.64721956067586	140.41820394840812	137.5121638304835
10.91338	1.449774	273.15482135972326	185.52535935082483	140.44505841068096	114.73875492155794	97.70381948841715	86.1238220840465	77.99018071801697	71.98818337143877	67.47377632250296
11.40827	2.080986	273.1509013192872	226.5868100095104	176.34692409063288	144.3291343224404	123.01314277820423	108.69664997122344	98.8202808335788	91.6440235386052	86.32012224523629
11.89033	2.861521	273.1505141399121	246.58589095178422	200.62431983785447	167.63120631342895	145.44747483388915	130.66852159742288	120.61364401827764	113.38970162522459	108.08127831084518
12.40208	3.689041	273.15392000294963	236.46575640949888	203.32517275864322	178.10953667437343	161.1187695039869	149.94261021705003	142.45926374926145	137.14666596796056	133.28199821610997
9.898395	1.471387	273.15483585337256	187.77088934469703	144.00875730990285	119.06507816635816	101.98443571031346	89.7979664492626	80.77756903828494	73.82353613842339	68.38218523895358
10.39717	2.051339	273.1507967548816	226.53109186949828	178.53135341628442	147.49701226128056	125.93552175205456	110.64316467519036	99.48692880301725	90.99943876094	84.43244550444983
10.89736	2.874583	273.150235445431	250.79111472488475	206.46794860876523	172.93097041225232	149.0246585796067	132.0387329603977	119.74398665220495	110.45820587803142	103.31195236670028
11.34345	3.6891679999999996	273.1503778440826	241.88136307484004	206.00377223348457	177.32201841863704	156.46554822658334	141.5835742463812	130.82550310272165	122.70326334083961	116.44437234948792
11.59715	4.405047	273.15859010847095	205.06315172615504	180.24774844145384	161.15479863778566	147.0319222267459	136.80120465549115	129.29909585354054	123.55941173605241	119.07610332404461
8.948006	1.483543	273.1544972854553	189.0113799536083	146.44367867629683	122.52379221852401	105.79946986012031	93.41397816882237	83.853790787779	76.22450272001687	70.07364796861282
9.411905	2.138326	273.1508454568079	231.93574537913545	186.72569569854386	156.59157950304007	134.80191440867813	118.55749622294356	106.08884336490844	96.20540876193813	88.27978459448246
9.908236	2.8841	273.150169487498	255.3635088558739	214.58421129762363	181.7535024951642	157.1161047781704	138.5880548914549	124.41829088884312	113.23870302973249	104.30107507829155
10.39691	3.721338	273.1503050193788	254.7959870372271	219.6997737377596	189.19785633170454	165.6111295834231	147.68111071072633	133.93565484928857	123.07162403831525	114.35853823793796
10.74796	4.52819	273.15319212547644	228.11764072836286	197.35979552800165	173.25460512767802	154.38100197437072	139.81252154598653	128.4745450424102	119.38720582850793	111.99562228276521
7.988728	1.5294000000000003	273.1543571889688	192.851534409807	150.73744176640847	127.35744512391106	110.75648653126514	98.09358013370682	88.0000745481057	79.7358763201879	72.92721845847983
8.470956	2.197251	273.1508038901918	235.23560080649574	192.46036985973933	163.67959761339	142.21461345245658	125.55123104731449	112.23769854902072	101.35106195726699	92.39130425534562
8.95889	2.949848	273.1501598934238	258.9348065631502	223.04843765470784	192.13360794530956	167.69127320064106	148.31575902519123	132.76844651391323	120.04712169446309	109.56533994060645
9.43068	3.7355060000000004	273.1501084743772	264.70351422905793	234.8677056872024	205.04595067287207	180.40277413827786	160.51643907364948	144.4579191905784	131.2665345351879	120.34701052824484
9.862397000000001	4.528759	273.15033538579456	255.20516055677226	225.8562465039108	199.23003892860126	177.02951512756212	158.9256180267815	144.1676080433789	131.93361424679213	121.70815480067715
10.24284	5.29434	273.1502298022813	230.41338365313638	198.776722568432	176.1957585547635	157.98846969009512	143.15110721083332	130.91597296272582	120.62960430066143	111.90679647232558
10.52311	6.025941	273.1551359692657	199.35125752248913	166.15797086871845	147.03633392364443	132.55304896471338	120.90206129706098	111.18811053023576	102.8794846396851	95.70796646446152
10.471889999999998	10.20295	273.15477018811157	192.76441595643936	151.5535423501944	130.5618939783311	117.05664753035948	107.40132380877603	99.70545015300414	93.04319878670057	87.08951768909132
10.2517	11.1433	273.1533294857956	209.38977367618332	167.02627465960566	144.25159343491848	129.3001390541572	118.50722332234842	109.90366565776024	102.47945323703537	95.8597540842817
7.0453920000000005	1.551195	273.1541758811839	194.61796807028728	152.6901868747154	129.5662290351834	113.01613899828351	100.21262310280214	89.85595462575753	81.27256194062913	74.12394132615727
7.564458	2.242346	273.1508330113984	237.4616997602083	196.25600471013806	168.5538129226205	147.43255318206977	130.56063902509027	116.72090147325584	105.1804995110627	95.52851158063
8.035021	2.992702	273.1501537697113	260.5699693397152	228.38467109896712	199.68830595929978	175.9536994150089	156.2867870901553	139.9059800664376	126.14379175583882	114.56392397750086
8.496539	3.7512050000000006	273.1500379423417	268.51189397128815	244.71820613638548	217.44303527652218	193.2430913887533	172.5682634392614	155.10953180073875	140.32089289276814	127.78470044248489
8.949217	4.522327	273.1500246697843	267.6657883370401	245.8299288367838	220.57022046686606	197.58037864434098	177.62208589954426	160.57997839486077	146.0086621749446	133.54107751808263
9.356233	5.282281	273.15009131381066	259.5959607661407	233.75474860562278	210.13925711339382	189.37976973015677	171.41595856378987	155.95476110097593	142.59029882097312	131.02253166585103
9.760347	6.031979	273.1510449810244	243.09120475055101	210.75905841147548	188.3555741440049	170.24424482959225	154.98681796197184	141.850732661679	130.3842781637196	120.34081953148622
10.30954	6.911954	273.1532692989868	207.82336948703568	170.11966866361195	149.86614033344236	135.37940742273247	123.88654593833404	114.14506204846407	105.59811023155804	98.03087010688306
10.4682	7.992774000000001	273.1541289228016	193.46343675292044	153.7192162685491	133.84363017568896	120.67710379245644	110.7857277979431	102.56124640367712	95.3127193316916	88.81709171273549
10.48548	8.828998	273.1554171755229	191.71415529130672	151.1247544391448	130.8048320972278	117.65632517247607	108.05738758715373	100.22277192631117	93.34781436494987	87.17218225660913
10.15927	9.501392	273.15012834618415	215.51452649233872	173.40168409158625	150.5026433119124	135.36020112872575	124.22955923047097	115.14437015874579	107.16419317097832	99.97391088502339
9.726674	10.30808	273.15094271035895	238.90331794023191	199.1323726802748	174.52415904128983	157.48327010738538	144.631404646559	134.0338821373165	124.68953792087636	116.24136347601943
9.28984	11.14863	273.1502428883466	254.3655229364708	220.31223814157576	195.7913958197355	177.73876824289016	163.58315484667685	151.6828098346002	141.11163882436537	131.51374319525578
0.695359	0.779606	273.1633127921957	54.21398955359699	37.67124738891746	32.00931531986566	29.018093879165228	27.247248326053985	26.0588917580941	25.172952509681103	24.48789279296702
6.075135	1.5887820000000001	273.1538997901633	197.56254681060418	155.10780521141086	131.1725230683444	114.0204543264639	100.83622274018926	90.23778735201222	81.47193163836245	74.16844170330488
6.629857	2.303288	273.1507853415674	240.1685232877294	199.91113685951552	172.36769176395453	151.04157168108165	133.79446379201792	119.5177957822849	107.52727001844278	97.43062654402574
7.1467	3.032668	273.1501515620292	261.5077652330967	231.48274260091253	204.2850281700064	181.04219558378418	161.21465230049225	144.3398807016305	129.957206682011	117.7157842797086
7.614272	3.785329	273.1500290999824	269.666865222759	250.00604978343134	225.40233574235936	202.09555875725917	181.20092965607395	162.95830524906637	147.1794720527345	133.59383675783758
8.063753	4.53801	273.1500085093939	271.3578405507215	256.5074850473563	234.45239296258777	212.21529578389797	191.62305574219735	173.28637213506704	157.20706495817146	143.19804612897977
8.500485	5.280869	273.1500280638855	269.6056559307743	253.14209580194208	232.17853127440023	211.39867483742356	192.082405198145	174.7011300721954	159.28245605292045	145.69478462243555
8.923457	6.026378000000001	273.15010752468055	264.2936035029688	241.6893524494699	220.4034376504729	201.08987769441862	183.61943713336962	167.9105547238428	153.85546465326786	141.33782175482705
9.354546	6.7775870000000005	273.15023730450224	253.83057107527858	223.04311757172948	200.77827926708926	182.8481469900972	167.4849222963691	153.87100654976985	141.6509685456567	130.67977625837463
9.70665	7.610159999999999	273.15087510987354	240.2768692420331	202.95690687395793	180.02085339596627	163.33372322063926	149.89896649206324	138.2732080274482	127.847544384985	118.42825771043807
9.771093	8.618283	273.15088362688647	236.9821598095659	197.4673378381432	173.74469947033035	157.22557318921187	144.4634123186809	133.65921644131834	123.99813062808609	115.22590727764563
9.297994	9.523453	273.1501486744335	254.08853943044468	220.14143858966852	196.01814589885996	178.2854372945042	164.22396727944098	152.18997622787518	141.35187699355563	131.43565857844177
8.83457	10.31573	273.15010552092303	263.7790646040789	237.391327347618	214.74112473849894	196.7501361237373	181.82167854484894	168.7684087425139	156.9048168311758	145.98315456690204
8.283969	11.10245	273.1500256319352	269.50815997140404	251.92454119674457	232.5273523924623	215.22179180541255	199.81125559166284	185.84216901632522	172.95536247963062	160.994079035743
5.187292	1.656014	273.15443839977655	202.561838278672	158.38854576392217	132.36343468271764	113.96935891264188	100.19825352943288	89.37646804689469	80.5379083259363	73.22872080719101
0.648485	1.254433	273.1758213866282	68.47752896742325	45.7582889366515	37.662325036418146	33.33198323959423	30.744718558514755	28.99886888124727	27.69329495297447	26.68106166519619
1.065927	1.150957	273.16577558206023	90.90189265784367	58.260633917808626	46.3597805313236	39.95043105546629	36.10079629774099	33.494154997552236	31.54094475995851	30.02422245648641
1.705057	0.9437419999999999	273.14543046506964	105.84902183773225	68.13648279457084	53.58715495042355	45.60486494625138	40.741982152696146	37.418619425739024	34.914803991815745	32.9622990249617
5.714729	2.341497	273.15077031902996	241.73848303785215	201.14067552287906	172.41147527018208	150.2625845197414	132.60861869515023	118.18568375175643	106.15357044998224	96.05451486338059
6.258190000000001	3.068293	273.1501337004604	262.17467531504957	232.91821921675827	205.79648219308362	182.32447323250753	162.20880823169617	145.06740622075378	130.43678967616643	117.95692773989991
6.746123	3.838229	273.1500264067809	270.1639037498135	252.78383755080367	229.80572558720544	206.9863192741972	185.92118227793594	167.21609930558859	150.87873526882834	136.70654080692248
7.224376000000002	4.576157	273.1500060875203	272.2414368996535	261.4620088822558	242.25680329088655	221.00223291226555	200.25987197748736	181.23315995653277	164.27831406980843	149.34097120108345
7.655515	5.295729	273.15000466398834	272.2963782261357	262.816183434934	245.54498551230498	225.83924827225414	206.12241715995995	187.65637362244172	170.93089380868057	155.98933718186962
8.078602	6.01704	273.15000859636416	271.1105763793707	258.7147329279156	241.28075268958284	222.67558208873615	204.31276945004848	187.0133841626855	171.16667073387245	156.8433458037695
9.169716	8.123852	273.1502030720507	257.4796647564392	226.4941573610326	203.615379536075	186.02387320345878	171.37967077317518	158.41618251537463	146.59393622625393	135.76267552693966
8.494159	6.7500160000000005	273.1500271327896	268.2798551556418	249.9796341707513	230.84572058724885	212.82774028181356	195.8935678311839	180.11127798431087	165.5845562673163	152.3412282547772
8.890945	7.463136	273.1501101675556	263.16325023923287	237.62614804515556	216.27813723873695	198.51326010080194	182.89489321129204	168.7000500052154	155.6718636785646	143.74710889457947
8.833422	8.750161000000002	273.1500510043015	263.80763171785446	237.8487863451434	215.83659858696242	198.16237154351964	183.13560768971118	169.67927670057713	157.2959831897973	145.8518204360041
8.388307	9.513617	273.1500405670547	268.74471048355775	249.72701457628497	229.94002277925668	212.66750784014468	197.31715638202243	183.2840355874889	170.23357342958607	158.07241054607027
7.929682000000001	10.261049999999997	273.15001125565726	271.25365580895783	258.4162646116831	241.59820398084318	225.2253833370114	209.79124667683004	195.29783450250395	181.67379630944686	168.8939959056237
7.367739000000001	10.90133	273.15000391621794	272.52340196907795	265.1359472573013	251.97430670396093	237.01716217508968	221.73874242066714	206.85002744016438	192.65297792772887	179.23650376251487
7.504011000000001	11.69952	273.1500105607643	272.3151432056488	263.8271814635484	249.7829696476696	234.4214067949781	219.07491849936932	204.32584699572047	190.37503278166048	177.2542132553373
6.815322999999999	11.40768	273.1500011667491	272.9500904683522	268.71784330260004	258.33618118577465	244.6125501249704	229.58429539421746	214.48430076314676	199.92081783379024	186.0818716586758
3.94908	1.2736940000000003	273.1568808847351	169.13102183914722	124.67250044884449	100.66931257758525	85.20811181699375	74.54852214693769	66.64432525786582	60.39888341217519	55.35101790827766
4.433292	1.7586609999999998	273.1503261271095	209.34778979497113	161.9068175750297	133.04648463222364	113.2270645129551	98.88331427310446	87.90673827190948	79.07722592001305	71.84767395447123
4.931023	2.425005	273.15049465231374	244.7840875970717	202.90749467987374	171.8436388451188	148.37726776608736	130.2060986619624	115.70140010686906	103.75663654717643	93.80994287109094
3.185717	1.363666	273.1565647448088	173.13174470793203	122.41569106498433	96.56859102583327	80.74263929818865	70.27808835102682	62.73993658477222	56.884031724665356	52.2084096100509
2.619073	1.537779	273.1507205005878	178.83652406034844	122.18288454825901	94.90614465470568	78.73527267151917	68.30864440577895	60.924424160923856	55.245397111630936	50.74428164204779
0.81926	1.6261650000000003	273.15166056966564	93.196272893593	60.457077652693066	48.098697972861174	41.366966029598956	37.29034593037159	34.51674457345079	32.43286288576403	30.810786637185192
0.569297	1.9421950000000001	273.193038636729	78.26201536088742	52.80705601141907	42.94202052842733	37.51638896374407	34.20753798451678	31.94687917235095	30.244312030104656	28.91620826584619
2.046677	1.482973	273.15302294460247	158.6509198845758	103.70468770693401	79.87535752337159	66.29608631647737	57.791908025606325	51.8803207212004	47.38295373890381	43.84805430877781
1.370818	1.575124	273.15138518114895	130.9623911740331	83.39991121903738	64.49678801418237	54.03670797195588	47.62756003461032	43.234293747941415	39.91920820994347	37.32999885127285
5.423857	3.106341	273.15013410470664	262.72754420878323	232.77911733602306	204.0510419616459	179.5780269942197	159.07291677573528	141.90999014886236	127.40185024592863	115.09420714835368
5.831419	3.931644	273.1500249912901	270.61652585300595	254.16469805999083	231.04871250748764	207.78940330589373	186.34511386261346	167.38575413678132	150.86431871320545	136.53911455235664
6.396377000000002	4.621209	273.15000538812546	272.4590442988749	263.33995463794264	245.39860589655885	224.46872076573712	203.55220943647768	184.16517768549514	166.80509531876143	151.455348778901
6.841737	5.322986	273.1500012912151	272.87047030388754	266.8255189811664	252.1740442896601	233.37658793352747	213.549877956451	194.51785123577278	177.08443672276647	161.3993633937309
7.253026	6.007737	273.15000112053036	272.72979773539276	266.47737859796956	252.85278582491807	235.4839757798272	216.8965012826292	198.71544942434255	181.78267994076074	166.32887088477665
7.651617	6.700555	273.1500038179333	272.1469145116035	263.3120656397736	248.82141813130502	232.08751935567264	214.65896583707175	197.6022604275665	181.56517253676998	166.77115081260672
8.418204	8.106017	273.1500381437764	268.5617016878466	249.66616713981185	230.36791218934567	213.16779749112752	197.44296367010386	182.78847601418576	169.09616934782977	156.3773515803333
8.024371	7.406582	273.1500114863111	270.9579191835748	257.9095861266159	241.37394526639648	224.6314899507233	208.1562383752631	192.2982013363735	177.36483407374064	163.5004811593511
7.941318	8.771504	273.15000623795044	271.2123358392489	258.43840849348203	241.92980675921083	225.68468455076075	210.05348973088317	195.10390231463813	180.92928616782936	167.61199967523632
7.503463000000001	9.497884	273.1500051664254	272.3255288791874	263.89541197612874	250.06473916177342	234.86345708222015	219.45095838773167	204.3749932699351	189.93424009796107	176.2656138138896
7.071546	10.1846	273.15000147145196	272.81078421521255	267.3702192716273	255.89814047615718	241.6986030192056	226.52113274367863	211.3594410936876	196.72657506754095	182.812610903445
6.584238000000001	10.76776	273.15000048076314	273.0238308394864	269.5680261580657	260.0022297297116	246.67231181020108	231.7104585252637	216.47654474799165	201.6833277808275	187.57436885448416
6.074711	11.388950000000001	273.1500003591387	273.0849648402814	270.3976526797499	261.66119630993586	248.71957803777806	233.8620604776731	218.61963444365884	203.79703650000397	189.65578076134008
3.710471	1.906551	273.15141404629316	216.78148411723123	164.0504363006261	132.13192726775836	111.07053629133482	96.37546914816276	85.42492043512154	76.75121922204333	69.72372333186586
4.227452	2.48031	273.1501435679774	245.85998312770175	200.41366903914528	166.6964204615987	142.26103726016433	124.0573794409637	109.92536186404602	98.46878234431337	89.02678995253814
4.656798	3.109361	273.1500356535474	262.32479877851387	229.00349690836677	197.32375528801114	171.63082662435707	151.01986753736264	134.28202420895218	120.36581176475987	108.68444394560579
2.976717	1.964817	273.1506428413507	213.05302001799532	153.96198515960555	121.18628816476496	100.70890276778586	87.00866993678726	77.08187953208075	69.34627698614577	63.15202946095017
2.327123	1.9913969999999999	273.1505007109044	198.8546982276159	136.62550403364705	105.76421250846475	87.36343953282527	75.4652113573931	67.03124387376238	60.54238832769556	55.395815707511325
0.626015	2.346437	273.17373536371764	90.24152416438368	61.30521209711424	49.3479310918718	42.616617655260455	38.44091966458439	35.55806663558301	33.373615040291014	31.660710326967735
0.564468	2.670789	273.1827229696872	86.90918118566951	60.5648414739177	49.18724943179651	42.661945005653024	38.558310672639934	35.70107031008713	33.525001429413436	31.811196044836073
1.073051	2.10683	273.1537285157706	128.80630360023295	83.99665831991194	65.40359361393119	54.95217655110998	48.47608494604735	44.0076660078202	40.62311802617972	37.97064708736814
1.7135110000000002	2.045549	273.1502833594994	173.25837374765732	114.4687063920894	88.05489290148915	72.83737856918675	63.2386817157089	56.54104551744786	51.43502670758869	47.413375530746016
5.000709	3.749669	273.15001807561197	269.4234265989043	247.93810248224307	220.832561826393	195.84392860741397	174.16270447238617	155.71701402244022	139.97578678818408	126.51165375485643
5.233106	4.319936	273.15000625454024	271.80522889145004	258.17531471721435	235.7557610181731	212.42257437629488	190.7204540373126	171.4892333641035	154.69428965115844	140.08712045158128
5.668913	4.711979000000001	273.1500014557214	272.5464947641113	263.51438056542315	245.13245156156287	223.76082872799626	202.58570373482974	183.10323971659503	165.7256483223981	150.38796012570631
6.065698	5.346259	273.1500007178731	272.9623320695866	267.7309541864586	253.58572673168473	234.76187547775416	214.69932543138285	195.4081172725203	177.7429474749866	161.85110879195534
6.458372	6.006396	273.15000030525965	273.0390626380029	269.2152915075738	257.5531757415829	240.80141646140626	222.06500163109106	203.43021389699155	185.97388679415235	169.993896181541
6.84235	6.680048000000001	273.1500004864011	272.95599750799283	268.748326948832	257.6888214365767	242.1651546769276	224.64607077787966	206.92500430257334	190.05400958937147	174.39101568729936
7.191788000000001	7.365870000000001	273.15000139646594	272.73251312583653	266.92301483593764	255.04161966136124	239.91637178218062	223.32883443567445	206.57693752626574	190.49982617495724	175.42886169900603
7.535319	8.085112	273.15000456554964	272.2819130091886	263.834138023702	250.13238279169443	234.7399574166371	218.77517629494454	202.95471838474637	187.78405714559713	173.497580364923
7.068615	8.770778	273.1500015811236	272.8125603220601	267.4653286163489	256.17121785742296	241.9454297263268	226.44735014644502	210.74560710384682	195.50851149244932	181.0247637457458
6.65988	9.489128	273.1500005194238	273.0042134638495	269.3452235504514	259.6142136730284	246.16985138248768	231.0172224797382	215.4760567791112	200.31227308039183	185.83037723958822
6.242849	10.11852	273.1500001938552	273.0767847125921	270.27337049162725	261.4282219280094	248.4209075699956	233.45435125897356	218.0138564081245	202.92723588189526	188.49979847256657
5.802285	10.736630000000002	273.15000005597136	273.0797905819731	270.31616382842145	261.4956335382561	248.49518797281772	233.56804604541978	218.22285631766206	203.2716206269345	188.99420539844024
5.380108	11.33326	273.1499999794551	273.01490798934606	269.4539539847497	259.7498669384256	246.30948512079044	231.2859222674179	216.04992392190894	201.30558181977565	187.27860265554034
3.3872180000000003	2.577529	273.15019229108526	244.51089375266085	191.86528800670862	155.51543313801753	130.79551852291846	113.27511556906336	100.12384256741241	89.66506281866329	81.15851734414912
3.920763	3.129532	273.1500481629139	260.8109083294365	221.48016760335403	186.57019100498766	160.06348450190262	139.84150401134855	123.95661135261594	110.99100444653936	100.24042987042098
4.279084	3.7298829999999996	273.1500064003342	268.33270599136773	241.48789887753856	210.65319556367282	184.35250148248363	162.74927545651568	144.9988339847221	130.1332934706294	117.57239203642227
2.645343	2.493777	273.1500858245685	229.04720840674818	168.28763812676337	132.74110015151442	110.2502725655046	95.0994259194549	84.08779097962861	75.4918401986277	68.59514083794306
2.049657	2.52182	273.15017465633724	207.75966258634557	145.65174917961568	113.35215978392114	93.76531754819696	80.9575645401275	71.82139292800274	64.76611088607719	59.15097734393441
0.584504	2.935084	273.1829365124068	91.12071202202277	64.28113692224869	52.2347812613436	45.203664329624694	40.7243210287839	37.57994264744227	35.1732931535599	33.26985497490415
0.9079810000000003	2.7164400000000004	273.1557763682826	124.63966777461405	84.81541561312345	66.97585125259866	56.62330196862824	50.05795984628316	45.46288821732838	41.95267798859495	39.18143857097075
1.472078	2.584157	273.15079904682074	173.20607686800358	117.63465045453331	91.32848296599123	75.84239488330093	65.92402013476318	58.93976220971545	53.586201405547676	49.34923433524335
4.617866	4.297254	273.1500017674601	271.28433265868904	254.00959112748728	228.43166003724943	203.73933228081071	181.85631352193425	163.02679022369924	146.83595712841668	132.89180664011232
4.953424	4.824079	273.15000100806856	272.40944458168633	261.55259078420835	241.06040868452007	218.62108874133818	197.19608502571722	177.90957774876028	160.89104168753462	145.96077925863378
5.325578	5.370131000000001	273.1500001604008	272.87207147972026	266.3516941133241	250.50763412341027	230.6618180467307	210.21147023989627	190.93221300899526	173.4576707295768	157.8321638598867
5.699051	5.989013	273.1500000800551	273.0430266033299	269.06132449740204	256.86073385645415	239.555630885961	220.43837344098714	201.6126439590466	184.08849389656845	168.11188037059443
6.081611	6.654520999999999	273.15000007614975	273.083997121315	270.1246374638663	260.0478099052357	244.70647130415225	226.96362835664277	208.9048786340214	191.7074106068496	175.75110880036365
6.399789	7.3537930000000005	273.15000018291386	273.0626662552095	270.06195799301946	260.6259369920222	246.40058617479664	229.77692399886158	212.58621455247848	195.9623623831743	180.32821371904387
6.675322	8.069439	273.15000047119923	273.0014485907988	269.36675530900476	259.6011318960814	245.76840700198002	229.9016032700977	213.50277785143018	197.53389951203965	182.38640314783206
6.239305	8.785397	273.1500002459556	273.0774484342487	270.2970760071956	261.46267014641353	248.27062669414468	232.88060352458137	216.85680965832128	201.16242867038628	186.18448548536094
5.845978	9.475488	273.15000006677224	273.0824863148791	270.35704521003595	261.57882155089266	248.50786857797766	233.34544340193108	217.62463476439544	202.24053485046636	187.53836755428281
5.446272	10.11673	273.15000002684997	273.02980056128405	269.64838387392643	260.13994037895003	246.74857766929185	231.61026197671467	216.12420484214917	201.05895254658955	186.69367225543604
5.046908	10.75436	273.1499999969233	272.88140564584637	268.0347798175528	257.04293940940846	242.9612941392236	227.71732705948975	212.4555458187547	197.7541325098375	183.80460401471058
4.702778	11.47333	273.14999953296564	272.6025881629908	265.72332712890324	252.92695620089262	238.03639832621522	222.66084790033145	207.63330781801486	193.32098001567644	179.82328647201123
2.856795	2.936513	273.15003537897866	245.3763811858841	190.53618973055413	153.42284540784394	128.58970214961357	111.21822472381098	98.29817023957048	88.07544961402111	79.78601285941681
3.2698810000000003	3.2062110000000006	273.1500107111265	256.77521848362534	210.48507872741558	173.6550090852477	147.308978218564	128.0352926916457	113.29691801993454	101.44653558804039	91.72083256136415
3.608778	3.7606580000000003	273.1500065601285	265.4079025369308	231.18412368155995	197.1949328415376	170.36596674940802	149.43612459224505	132.78154546868294	119.07526727136259	107.62742183424315
3.9480500000000003	4.303327	273.1500015554797	269.55558078058215	245.78522831423018	216.37774497238533	190.5210742628935	168.8996517797904	150.93227864721868	135.76551492858403	122.85804204295754
2.324952	2.98406	273.1500446799292	230.25820563924208	171.48300229838284	136.08785700792325	113.38960956553542	97.963859622752	86.69568681760285	77.87111620445897	70.76853075533107
1.7888210000000002	3.020929	273.1502011108565	203.2093102754437	145.44995172857838	114.35812865093008	95.1311880567416	82.38210202809408	73.20916218263626	66.08738204710131	60.391974428033414
0.7905539999999999	3.2039440000000003	273.1519042294508	116.24792588728484	81.99143673144862	65.80196761899116	56.130914983384024	49.863810971909764	45.4164944241977	41.98999215903468	39.26486325533069
1.255914	3.094744	273.1509910324907	162.74667074494025	113.88084500766159	89.7141532481544	75.12890274092241	65.61475396070755	58.837200812845545	53.60468842285389	49.437494410180825
0.613236	3.599431	273.1864983688018	97.2588068500531	70.91954670433635	58.179241276030766	50.40411236769479	45.27982122969617	41.60182719126767	38.747115095711486	36.46218798586096
4.282134	4.846876999999999	273.1500003144203	271.4845157604547	255.64591493156476	231.41178957833378	207.51218607528065	186.0185882946938	167.32115362681222	151.1084298001076	137.03854653085946
4.630824	5.3947	273.15000010696946	272.39572154593435	262.2189615411285	242.9957920732795	221.58919580188123	200.8340920810533	181.9041270026656	165.0253975928176	150.0809039005031
5.69075	7.313570000000001	273.1500000257383	273.07009041317696	270.07129094415365	260.40739475281856	245.83603215108477	228.90376682822537	211.50588986228823	194.76647189024175	179.08202711159473
4.980395	5.966468000000001	273.15000003156246	272.8094346166204	266.3525726373923	251.38800164923097	232.5785402445858	212.96554121951047	194.23525822527714	177.06686931081208	161.56080725322397
5.33995	6.594079	273.15000001436755	272.9962719219973	268.83570472790984	257.1372082266765	240.7186487687786	222.4561694914889	204.27028395670757	187.15651555205616	171.39798668595776
5.819526	8.016206	273.150000062385	273.0809195516847	270.3215324099269	261.30520497069847	247.61288140656373	231.5526494543322	214.86209265674327	198.6170642325442	183.2315004756406
0.767001	12.29503	273.1776297008609	117.01929229732208	89.90305409133607	77.56291678860423	69.89422354086857	64.57860151242369	60.465018571325466	56.98886775682906	53.94026128903605
5.452859	8.792225	273.1500000318137	273.03132793740286	269.6622673323672	260.094265879794	246.42351658719818	230.78675434357294	214.6787938422357	198.9963473889924	184.08906432691802
5.06037	9.463375	273.150000022046	272.88844794722576	268.1018007895159	257.13751984288393	242.93377463265688	227.3969463107944	211.71697441714852	196.5596341690541	182.17745666921272
3.8726620000000005	11.44647	273.1499996867556	270.38652473520375	255.01633792115567	236.64017456522723	219.52905382190593	203.88481955036414	189.5184281104655	176.2167471644655	163.86904359844877
4.668353	10.10296	273.15000004296945	272.56214923756914	265.43146322814573	252.41682530093468	237.35424828357995	221.77620728627036	206.48548350210694	191.87627254693186	178.08582130165928
4.283958	10.76127	273.1500001301634	271.88345838866263	261.3910714333293	245.90385505937903	229.84500299520664	214.20165510874463	199.3231709503392	185.31165031073076	172.18251857682387
2.656583	3.42099	273.15001226065436	247.1917184141462	195.7692113329423	159.30410187377836	134.2996391626956	116.51452710146104	103.14908212121337	92.50433640274547	83.82303589441092
2.996922	3.839638	273.15000215504375	258.12844986803105	215.96041890606423	180.56353282073243	154.41110181084085	134.85216309902845	119.68215404997318	107.37113281309358	97.18526688511814
3.317531	4.34232	273.1500008202075	264.7487263594708	232.4386261986243	200.14129457181488	174.10639803411132	153.45740367018536	136.827271274909	123.02247708376831	111.40306712693267
3.645115	4.865614	273.1500003305084	268.60151436176767	244.98959252603137	216.96200280545668	192.1265143361178	171.1254050758438	153.48970125617313	138.4757361124393	125.59838143015305
2.089347	3.472907	273.1500387112437	225.44899819788318	170.60480139133813	136.860097220788	114.77586950103434	99.53944853300345	88.29951377473189	79.4405100220852	72.2695268944591
1.556749	3.512992000000001	273.150178447157	191.53755985361252	139.77735073178175	111.38415273943322	93.44135781255885	81.34317085930563	72.54108859599314	65.65756103158058	60.11746533570419
1.063915	3.55668	273.1523287952139	147.33591625657888	105.76754980640176	84.70347946042556	71.68967566884679	63.04408563102711	56.80946487497851	51.95791948559198	48.06745409281128
0.8959550000000001	3.982555	273.1579466676066	130.71762777311537	95.84721727404268	78.05876542270886	66.84304645986252	59.26195829147178	53.72671198988487	49.38325821437639	45.8748336081619
0.545979	4	273.1816129956469	89.7986704436445	67.06445484116453	55.85809851157351	48.860615360555116	44.160360771078565	40.7411647360567	38.063621183828076	35.90405249749314
3.9814559999999997	5.412068	273.1500000911428	270.77101683006043	254.16778384257876	230.84146081092095	207.9924867479917	187.31208488883667	169.14734415557996	153.25444368750576	139.34654441336878
4.309198	5.96933	273.15000001944026	271.90837839645906	260.3804518336214	241.38793286415537	220.8511747639868	200.98541619838588	182.74446774472332	166.3429338639169	151.70066736310534
5.215407	7.610732	273.15000000918513	272.96089965373045	268.7513737380191	257.9008234378649	242.90968410459382	226.06845480667204	208.98991747161116	192.61733586179682	177.28400399372836
4.950814	7.105839	273.15000000480535	272.8211504006885	267.2535771464706	254.6729737967643	238.35309971627456	220.6507638016802	203.10998222026618	186.55660668627976	171.24167785574016
4.637079	6.53506	273.150000007224	272.5157697743601	264.5786010017123	249.2385243523499	230.9780835589161	212.1794210823356	194.18746718315865	177.58465698582953	162.47865249118354
5.015052	8.176915	273.1500000135705	272.8633627469633	267.82363729198363	256.3982748568579	241.50308492134891	225.13104482393427	208.61836314088296	192.75356404902547	177.8305073758075
0.590142	11.7931	273.1914334568442	95.85963812545266	74.22247285305825	64.53534298036385	58.54799354150523	54.41273826140566	51.2183563656529	48.52097836648421	46.156764028654926
1.104774	11.9001	273.15527933496287	154.0771953824058	118.59468519257267	101.73038272825305	91.08804203935868	83.62178256679282	77.79382869728357	72.8428074069708	68.48540193305045
1.74819	12.04195	273.1498550538501	209.4293645719441	167.01227631423538	144.13838749479658	129.03279576278058	118.07176710196366	109.32330716511308	101.79613962652512	95.1151212810462
2.5458300000000005	11.57639	273.1500178619956	249.4053099104421	212.89910766880604	187.99901852064508	169.99096404217246	156.030809572855	144.39614953618465	134.13986031342566	124.89470937272058
4.685909	8.809712	273.15000002662606	272.58197039990324	265.5643612103274	252.53946555624074	237.18851219913134	221.09237695430315	205.17546163819725	189.96068296985376	175.6478540200687
4.302499	9.440916	273.15000011323406	271.92546007377223	261.61382918113844	246.20362137393428	230.01263007494416	214.045408504192	198.72244840809643	184.24148376395098	170.67628172812204
3.066071	11.23906	273.15000267414706	262.16574720720314	234.04303209205867	210.68193739313037	192.32282432458442	177.24443195049435	164.2158028751546	152.50723182804361	141.82823514712746
3.517642	10.69709	273.15000096530974	267.93753656049233	247.34430171696138	226.53652008055224	208.64343558819374	193.0361869320418	179.05046088381746	166.24472939903058	154.43833607562377
3.909655	10.06934	273.1500003687001	270.56428699697426	255.68188864364075	237.54803917973638	220.43118017864472	204.58735658098192	189.8930901584846	176.21335134711103	163.4894290314943
2.407665	3.922705	273.150008925803	242.23546118396484	193.4650622232472	159.00284006197163	134.95565950451308	117.60406769158335	104.43019668759825	93.8634930802392	85.19111052416491
2.721095	4.384945	273.1500033291491	253.64640109641832	212.51382830742932	179.22133437181057	154.32252953066447	135.4548829746652	120.66175874123313	108.55914925299727	98.47227458889995
3.0367550000000003	4.865567	273.1500010116361	261.255061703026	228.04154813192017	197.32705452712662	172.599246971746	152.84288990222333	136.7907952684146	123.36408105599185	111.98237095270811
3.347013	5.351331	273.15000027772425	266.04058417464233	239.98766527959972	212.6099262277859	188.86821337079775	168.8420359249043	151.95071040840182	137.48673189724772	125.00681867950361
1.8505590000000003	3.963895	273.1500982468703	214.4119072118847	163.75441721650031	132.90962632647134	112.37200503460328	97.98726434943693	87.25777499298374	78.73624721130925	71.79150704353559
1.341946	3.98175	273.1511192628136	175.51616206907042	129.93009046262316	105.0243834636734	88.98540545129447	77.99148692119053	69.89639334711732	63.51369294522692	58.33957837669482
1.107874	4.359414	273.151547068477	153.7754301269617	114.62690655003466	93.83455037770229	80.32594530775593	70.96917089977411	64.01813657644931	58.50132760857594	54.00267131562595
0.656801	4.336709	273.1723524740731	103.55705292338965	77.53667838422574	64.47941665529858	56.15474097490675	50.461688146878444	46.26549752518383	42.95028022992659	40.25620026306018
3.5788389999999994	5.950501	273.1500000628254	268.42480753399246	247.52148893836016	223.59417649856144	201.53723318682458	181.98212772968276	164.86164477904723	149.8343617871947	136.62008005822534
3.975283	6.529827000000001	273.15000001361426	270.8519825288972	256.2385731551522	236.44684136148905	216.45259702590684	197.53661008169362	180.2110439528394	164.56124895081908	150.5050053087687
4.6282	7.635637000000001	273.1500000068091	272.5116119450615	264.9763903175007	251.10334442581288	234.67982932341485	217.49083135883475	200.64056350882547	184.73439842759885	169.9687972774033
4.297976	7.088077000000001	273.15000000806094	271.9141871623737	261.30719784642974	244.7087906383413	226.59527185962818	208.53773602054596	191.38703989741632	175.5246253299497	161.02362223500367
4.317083	8.205781	273.15000003236725	271.9604094903456	261.7560077136288	246.18080544030636	229.44021557221	212.6994521750223	196.57456287948833	181.40261755738265	167.299805841478
0.8239359999999999	11.39937	273.16469099498414	123.59732074519684	94.86840155729294	81.70951782295266	73.50915191055437	67.80595525079345	63.376355578821055	59.62287709807942	56.325708773993156
1.427769	11.46503	273.15122921052676	184.516682702105	144.05017768758478	123.6980784488856	110.58956258090087	101.24442285736446	93.86555162895569	87.55307769165125	81.9722284966433
1.990782	11.50623	273.15006991505453	224.7258670587831	182.7111876711848	158.58776406897243	142.27393813921583	130.21874262889682	120.4733165620719	112.02443540647097	104.48906483449296
2.37419	11.05254	273.1500433866276	243.15090960179592	204.4182374771044	179.46407592672756	161.81116481843512	148.32316975022277	137.17224402786917	127.38123472198238	118.57963460789499
3.935031	8.821212	273.150000174357	270.6789269046223	256.1130894989387	238.03709719398634	220.6460126630734	204.29199389050132	188.9913499841657	174.7346873837739	161.51817755674685
3.546359	9.435319	273.1500007877919	268.18269905267806	248.03576535271404	227.3636049165398	209.33904458982965	193.40014291865347	178.97316067995914	165.71206637522542	153.48816099697845
2.786466	10.579549999999998	273.1500123487335	256.289864302443	223.49661096415005	199.0730005248935	180.7269661091839	166.0874049346597	153.6380912563907	142.5383743869903	132.4688877163437
3.1732840000000007	10.024730000000002	273.1500033204043	263.8689440745147	237.58570908489835	214.73443429657758	196.3422036308962	180.93325004468957	167.4233092481832	155.18842708203144	143.99304414849595
2.156552	4.414089	273.15003062617194	232.66403361119345	185.68378736401067	153.96316903763943	131.62858521675176	115.32393645646927	102.81854741214234	92.71070778718797	84.35714840517505
2.461224	4.866584999999999	273.1500070489062	246.07960909134798	204.38975931361708	173.26252864848246	150.05537721941366	132.36076205131803	118.37293507182197	106.84668359713521	97.17543853488972
2.749765	5.298893	273.1500017768838	255.20140169886488	219.22067566238138	189.66276656086612	166.38956436589146	147.87434043266808	132.78645318517013	120.10734216425546	109.30566701770624
2.992167	5.704576	273.1500005406711	260.7260551961395	229.73758339479545	202.13670745709499	179.36771212928434	160.56014432750342	144.80206058672766	131.3149959976479	119.66152966606519
3.073756	6.163592999999999	273.1500002325149	262.2445968378071	233.38049495187366	207.36962326769063	185.54586599907887	167.13523047405792	151.4036580907444	137.73847236492273	125.78752053989429
1.5750919999999997	4.464707000000001	273.1502088657631	195.9746438146726	149.80521347879042	122.98342758637045	104.9613040830474	92.1822173634041	82.54578730247606	74.82884388309412	68.49267212889707
1.204109	4.690083	273.1512361123294	163.62319712874702	123.53951251432254	101.9180072719783	87.58779967700951	77.47997765848666	69.8658313549573	63.76462742727326	58.74919894958556
0.868113	4.6734	273.1585686833032	128.3304127299061	96.34254917305326	79.9270259629536	69.22865671425508	61.767384361643984	56.18586532259322	51.731384296537776	48.0805932615089
0.560037	4.67664	273.17950485122634	91.97034663534285	69.98752741084174	59.05850006751397	52.00691788033644	47.12123378042177	43.48076004028498	40.581786681024944	38.20967908661465
3.3600470000000002	6.563334	273.1500000762717	266.31097875907864	242.64198363744768	218.91509878627633	197.967438185043	179.5909104606449	163.4289668926474	149.1188459784632	136.42121224817961
3.658658	7.092319	273.15000004753125	269.06959955082584	250.39815432295924	229.36280692758172	209.73972706688753	191.7883168120712	175.49357402418056	160.75001162774035	147.44829416339917
3.9747870000000005	7.640167000000001	273.15000002630586	270.85724237826753	256.70753829745223	238.40978127515743	220.2156530154421	202.83728084394826	186.5756992205597	171.55734473903223	157.79334349438935
3.621013	8.215558	273.15000012916704	268.7916780221371	249.75603892858024	229.32205033184712	210.87496798241708	194.16821880771752	178.89666273725769	164.88092239310342	152.04156827064892
0.647217	10.79847	273.17723152880734	102.78323939169799	79.32172906266807	68.75994390499979	62.211732096043434	57.6685563800935	54.14080145844537	51.15095386985911	48.52553794223554
1.179785	10.91545	273.1533203222916	161.58294885175533	124.69130516454298	106.93779703225108	95.67312214387802	87.7219977603537	81.47780729653608	76.15091872633003	71.4519838823851
1.754647	10.9735	273.1503921590839	209.8361699354498	167.44080889577182	144.52704540447573	129.3661954399515	118.32746760301798	109.47937263616036	101.84231839023225	95.05276885890265
2.11663	10.48505	273.15011270043556	231.48483334551815	190.25136703227125	165.70020245417024	148.8339159929064	136.19253296028901	125.8550444282608	116.8308883900746	108.75359813392124
3.168133	8.791478	273.15000126447654	263.78828181907915	237.40145301209054	214.4026054842888	195.68461915281276	179.8092450949735	165.78868834906402	153.0916646652639	141.52058375523043
2.831072	9.423026	273.15000501268196	257.3547735798741	225.28956552351613	200.95574941705857	182.42152351422112	167.41825812499462	154.52143675395533	142.97330600230796	132.49611430838038
2.470975	9.97881	273.15002664374475	246.7749921508205	209.27839441471824	184.30973239876937	166.35189096220032	152.41655546116363	140.75366199405588	130.44593349391258	121.15568230841565
1.9281100000000002	4.883154000000001	273.1500413838669	220.70446257103984	175.13929917400063	146.31131098582725	125.99433628887756	111.03456529091603	99.4483810540387	90.00782209700459	82.14821172192973
2.201323	5.318611	273.15001010826364	235.49574049546786	192.7675009863581	163.84092373729754	142.59548214513435	126.39571866655069	113.51536958267302	102.83378739867551	93.81490350484232
2.447157	5.727238	273.15000526787804	245.84519488833735	206.64264534372452	178.35256447021376	156.81172019848756	139.85786474397267	126.04010007288035	114.38504791771437	104.4107072101081
2.620922	6.160217	273.1500016194887	251.68902396386315	215.5060058012327	188.2877273732909	167.0533802233402	149.92070865488856	135.65247247781213	123.42585010845438	112.82764618280957
2.775164	6.589752	273.15000060667717	255.98326159915132	222.5513072170892	196.4128303435442	175.63905380347953	158.5348463403387	144.01799102488812	131.39582179205937	120.3231371580531
1.444089	4.940859	273.15024416356863	185.64337872503154	142.57745599833834	118.38124333499736	101.95629890917492	90.13655610958718	81.10066420273449	73.78878609581376	67.72996118633579
1.025375	5.012034	273.1516620998732	145.619594537896	110.2024442078493	91.7754135048719	79.54903345092312	70.86914747701194	64.28181112137635	58.97063226998484	54.57997321067476
0.623373	5.005304	273.17381447705435	99.79217460822407	76.05581183426919	64.28210194890322	56.59419253899985	51.19437564795357	47.122993442310644	43.85255694912307	41.15630754226397
3.047691	7.099426	273.1500002559097	261.8067215748399	233.15582942263177	208.6492496647495	188.45327171447957	171.30357161795476	156.36856231989415	143.13433215987664	131.34727230300288
3.3339800000000004	7.634162	273.1500002247481	266.0127241157604	242.3309608183154	219.77510910394145	200.3788677411503	183.37239346622448	168.1852582675601	154.47840346893875	142.09007670542067
3.008515	8.184702	273.1500009751788	261.08980995063035	231.95975340282777	208.04461459510813	188.9404442002418	172.92246562537932	158.91053229693424	146.33472730390466	134.9717230644975
2.717057	8.520606	273.1500037020955	254.4608579776481	220.5466777203168	195.7651249907644	177.0147557573037	161.85569704203442	148.85452648109978	137.27670868924994	126.84790960297828
0.598337	10.34674	273.174925188688	96.8420491536979	74.95465806397166	65.13892963214829	59.05446045814789	54.82715912299731	51.537820582591266	48.74665695272626	46.295319980573225
0.984439	10.39017	273.1560085418369	141.4002298425963	108.58311141435043	93.23555008150446	83.5831039247542	76.80360082698168	71.49015508275717	66.96232362416008	62.97404447629049
1.504319	10.44632	273.1509352597134	190.91298536752961	149.74364828946634	128.6992295117751	115.03933919976487	105.21698008811246	97.39825809724847	90.67555666695252	84.71781818760553
1.8422779999999999	9.942954	273.15018113061836	215.65208555155576	173.25989264832867	149.82199219083677	134.1326027699258	122.56763489147129	113.20010117234789	105.06896215627332	97.82530749456826
2.485195	8.946313999999997	273.15001350057895	247.2744386114185	209.9580883004679	184.91773502473097	166.71282304171538	152.41236779429346	140.34632879276924	129.66785046658472	120.06776164508297
2.181894	9.41533	273.1500393874148	234.69535554992854	193.99050928652014	169.24216206354734	152.01023712366148	138.90862211504353	128.07545535051295	118.57496866047391	110.06801301595804
2.547982	7.072989000000001	273.15000194252474	249.4003613951816	212.75530755077156	186.89002588829382	167.21994926446743	151.35886866357347	137.96054820149428	126.27914830235586	115.98398818339838
1.6961190000000002	5.330031	273.15008602531856	205.56389802126031	161.5477240239659	135.70915631943978	117.65435177639074	104.31341712149724	93.90038902925687	85.35198457864743	78.18463032576362
1.948447	5.747005	273.1500439903625	222.15516803648725	178.85193092214467	152.18365946547718	133.02380729083367	118.48192298500545	106.87760342113374	97.19997469945805	88.98082507473443
2.165358	6.174021	273.1500132199194	233.8689207464522	192.32817441294375	165.59067901195115	145.94710323916888	130.68603333234094	118.25274824697699	107.72248018654967	98.66493265776586
2.352227	6.633158	273.15000519188146	242.217672890459	202.86189787510986	176.48631897318398	156.7827326964407	141.17705452652015	128.2204417256808	117.08089649714817	107.37790501709962
1.236629	5.359436	273.15099665368007	166.99302147201794	127.84928977117637	107.03306727854242	92.96302597229239	82.78278217471119	74.93298425748542	68.53102718293987	63.18757493077931
0.844829	5.371836	273.15835141481676	125.88081564395189	95.71239513100947	80.59610252771144	70.58046431416427	63.4269988022292	57.95305569738432	53.50741582960455	49.8077286134911
0.535033	5.357928000000001	273.1821403975022	88.99845968796235	68.63125702277114	58.730862545031286	52.24033856984538	47.63862019915437	44.133627605570524	41.29480438519495	38.93707926553217
2.687571	7.636015	273.1500016136556	253.6583076090265	219.20442225069706	193.9944500362351	174.6716807277064	158.9325332109445	145.4623308046913	133.56795125206028	122.9633089554428
2.443194	8.175192	273.1500075817639	245.74826255729792	207.85735359300807	182.6341235119978	164.18134983778603	149.5968305636277	137.2817198577234	126.43258695819408	116.74423289797708
2.195208	8.561052	273.15001920270873	235.32190215512136	194.72261995095857	169.8414744146219	152.317298503237	138.83729739982007	127.62184658116804	117.79249644512917	109.0262813292096
0.739681	9.913050000000002	273.1642152159978	113.78814313822093	87.5013680800138	75.55332953797961	68.10004865402492	62.88721689062332	58.80865094480033	55.338012515048675	52.286967387031375
1.267116	9.931056000000002	273.1512836999164	169.97704882241598	131.64485335153287	112.90711759315012	100.91535345747627	92.36519778489588	85.58911041700215	79.77988895489158	74.64707455808708
1.5889610000000003	9.426369	273.15043473390034	197.65099060668186	155.8827298806029	134.11199951163528	119.80987405408096	109.38695119695193	101.0004751205102	93.75620734908598	87.33289014437582
1.905109	8.978156	273.15009193461896	219.59179342335082	177.3065110686624	153.48887606847305	137.3232680665581	125.23218637054596	115.33925632379255	106.72818795963248	99.06781397955176
0.56949	9.467931	273.18961404154373	93.29057002983483	72.35899571628578	62.98250671308847	57.14879742375867	53.06829416974906	49.87308607421784	47.15543295325683	44.77026551304096
2.330963	7.429819	273.15000887862533	241.3489086604514	202.02182537434018	176.47959010045992	157.77655675244728	143.02049787262348	130.6591155149385	119.88951400249718	110.38191693211505
2.132742	7.010704	273.1500177893374	232.26716504759133	190.9619172471436	165.46719920523375	147.07446230356106	132.7638333103071	120.94075408024217	110.76165878444156	101.86734064972235
1.474501	5.755582	273.15025850099954	188.38047059123502	146.57772953604373	123.68718504481525	107.91839228939149	96.271411544459	87.12589661319754	79.56600194875405	73.1844197081004
1.7132330000000002	6.156743	273.15013536987414	206.87019391467857	163.9830428130978	139.61764478779085	122.53285559854983	109.6630790411226	99.37232534819158	90.74703211924118	83.3810683325965
1.9212800000000003	6.587574	273.1500364557283	220.5645480413169	177.97683607462477	152.8820032285109	135.04025338304476	121.37309544301384	110.25795214160429	100.81272246100367	92.65153281510753
1.034109	5.767205	273.1515609911352	146.64922005814503	112.05528807580016	94.57076285927566	82.85905464302046	74.3666376403488	67.7707809145595	62.351158711302624	57.79528479169418
0.632759	5.726822	273.172265518648	100.99935768295548	77.57730354363234	66.27561056394045	58.83054769817342	53.496587165179946	49.386502864970005	46.025553363249614	43.21039918072487
2.1833540000000005	7.792823	273.1500189439078	234.756980251395	194.00662661394279	168.91114339615794	151.01282617505396	137.11972344854817	125.55191948872063	115.47122640345926	106.55122199968376
1.919857	8.185287	273.1500531350152	220.48602011772837	178.21923475403744	154.1898431547855	137.66841478874517	125.16636406838863	114.8894436256161	105.96614950981323	98.07149092837949
1.668149	8.567147	273.15017732979044	203.62665785503535	161.46541232988451	139.0174268530604	124.03391027852742	112.94462961783336	103.94053145721715	96.15432060031755	89.27049985012019
1.033134	9.381892	273.1538478768859	146.5764975751084	112.65414502326158	96.66022028142781	86.52301874376747	79.32883008287888	73.64026414254033	68.77576514874607	64.49208988242448
1.405346	8.949812	273.1503600277378	182.50963831453532	142.3281045401279	122.13356843845757	108.9908781524555	99.45773179826232	91.81084370280358	85.22927650015943	79.41828480255295
0.680277	9.134871	273.1556704512116	106.7381883535638	82.25271953366138	71.1707802733767	64.23444736696663	59.35247443258881	55.513056040773066	52.24301174832017	49.37390664463783
1.943777	7.369421	273.15005446494825	221.91640398185996	179.64706437177344	155.15370746041447	137.98712327860002	124.84879311898203	114.05203066620992	104.74874569808755	96.59773077875867
1.7002190000000001	6.971261000000001	273.15015454050973	205.95218652355697	163.51657900513916	140.18131878647898	124.0666275678908	111.9020085542759	102.04050187057489	93.64124617548573	86.35636853046331
1.252947	6.172355	273.15116833832525	168.6102018803123	130.05759862223996	110.20702207115603	96.77548281066107	86.8938171304506	79.10252761101151	72.62184972245075	67.11601948297273
1.47932	6.568601	273.15032167768	188.8119721666246	147.5822463265553	125.7305053360286	110.79552839066532	99.65962230946296	90.75274051784601	83.25468428061487	76.81774759398223
0.841353	6.113161	273.1574663136301	125.52654573058693	96.01640623105588	81.69404031630266	72.20692989196722	65.33497557881975	59.972872755164396	55.54124569968052	51.794212061708485
0.523657	6.040847	273.1816650264389	87.6121362321925	67.98393067760937	58.720794868092966	52.646989511852915	48.28373640860368	44.90013136627177	42.11531375927319	39.76846186969657
1.696417	7.776677	273.1501955153545	205.6813291210733	163.38692153388013	140.5390442469749	125.03961579061463	113.42542861472351	103.96569763723751	95.82213853135772	88.67449468676881
1.440696	8.166955	273.1502771934369	185.55713454758256	144.97480499872074	124.33449539714321	110.7194169224605	100.7201632772033	92.65576435562281	85.72836870285401	79.64351854241467
1.194709	8.550081	273.15157067336344	163.006797196407	125.86584011199439	107.85647301008326	96.23799366714944	87.85152965252864	81.15144271804216	75.41087663222191	70.36716060949236
0.9544059999999999	8.921419	273.1540506785456	138.12972616660838	106.03680434949398	91.04622533960007	81.54085374167302	74.77795863563479	69.42164918544186	64.84547632340615	60.8255370865269
0.54258	8.842005	273.2055285516922	89.96583048038435	69.9316062075372	60.9593602154691	55.349544009729875	51.399011093868715	48.291599675732776	45.64835089511565	43.334070497226655
1.468737	7.373363000000001	273.15034356799885	187.93119137425558	147.0075426786261	125.83723139178973	111.6216410243362	101.06365443159588	92.54680897543987	85.28252141041834	78.96098338916191
1.243955	6.979459	273.15097960385	167.7637459260403	129.66529935931715	110.60838783748478	97.90307881793773	88.54385821615314	81.06944871779046	74.75552216052522	69.30950816768711
0.969033	6.542571	273.1539080609894	139.71280344732793	107.0613190348038	91.20814032252486	80.7108916398415	73.05629201832754	67.01944634629241	61.97856514108592	57.67582837623524
0.5628709999999999	6.335410999999999	273.1764723933658	92.4667994754004	71.59021056056476	61.819499629554194	55.42869073619972	50.82267813063385	47.22751192888549	44.24915960720023	41.723782736919865
1.228697	7.767787000000001	273.1515421562571	166.30431673494616	128.55288363311502	110.00703468204188	97.85871468658992	88.98258865926124	81.86799465972565	75.79835939403326	70.50340780384725
0.991908	8.153853	273.1534690227324	142.18364771287483	109.18483075721726	93.62084767779523	83.6296861118572	76.4372514733186	70.71119706343497	65.82882244864084	61.56191395874305
0.7539	8.519202	273.1551352278093	115.44819188714108	88.73922609652097	76.53099363662623	68.81649374683421	63.33302003909635	58.99645542188683	55.30315965094412	52.07181375199419
0.81792	6.964422000000001	273.15605425510057	122.85890925983198	94.2347416783568	80.76683560892253	71.98297329575996	65.61368017680473	60.577937318665654	56.34863204887898	52.71548862934923
0.941595	7.373645999999999	273.1535377579457	136.7258116767066	104.89175988412532	89.82140200936543	80.02432759015313	72.91521102664048	67.26374246998624	62.48276153751788	58.345312049375316
0.580238	6.680345	273.17754682036417	94.60858467485947	73.21747414607397	63.307067269035066	56.86022514234862	52.20890992306854	48.55737543173412	45.511787329321464	42.91225681410861
0.7666919999999999	7.797002	273.1547411115469	116.94193514835321	89.84195239133395	77.3581674475425	69.37153909991763	63.636144453535344	59.08848725620522	55.23143380705739	51.87945864615938
0.570344	8.159903	273.19821276971675	93.39244622297771	72.42398261833877	62.97418714198334	57.00583607510077	52.761191102673415	49.408389058697196	46.56224481240969	44.08228932089339
0.61679	7.194736	273.1550694798994	99.07719525993834	76.54784758907768	66.21509230430085	59.557066707924356	54.76197105610565	50.97601346429757	47.79128078870155	45.04878866056752
0.529906	6.955510000000001	273.1921700907263	88.39581698644145	68.72626973773792	59.718067577957584	53.898627883622474	49.7080053612806	46.409555039213615	43.64655945192213	41.2774440479969
0.48667900000000003	7.5	273.2068231127883	82.99596741305629	64.84829208377437	56.65380227106946	51.425590801328305	47.68129218953447	44.7255732823267	42.23196462813352	40.0764605373154
